183
1 5 6 11 57 120 125
2 6 3 10 82 131 132 135
3 7 2 4 8 9 10 11 82
4 4 3 11 119 128
5 6 7 8 9 97 100 134
6 4 1 11 50 57
7 4 5 9 11 97
8 6 3 5 9 10 100 134
9 5 3 5 7 8 11
10 5 2 3 8 132 134
11 8 1 3 4 6 7 9 119 120
12 8 14 16 20 22 27 30 62 67
13 6 17 40 41 46 65 127
14 8 12 17 22 25 27 36 37 63
15 4 16 18 29 30
16 7 12 15 18 22 30 67 71
17 8 13 14 22 25 38 40 41 70
18 8 15 16 21 28 29 71 178 181
19 6 21 26 28 34 66 74
20 4 12 30 62 180
21 5 18 19 28 34 178
22 6 12 14 16 17 67 70
23 5 24 31 33 169 172
24 8 23 32 38 39 42 54 167 172
25 6 14 17 37 38 39 40
26 4 19 68 74 76
27 5 12 14 62 63 147
28 6 18 19 21 66 71 74
29 5 15 18 30 180 181
30 5 12 15 16 20 29
31 6 23 33 36 37 39 63
32 5 24 47 54 55 167
33 8 23 31 35 60 63 168 169 174
34 2 19 21
35 6 33 60 145 159 168 175
36 4 14 31 37 63
37 5 14 25 31 36 39
38 7 17 24 25 39 40 42 46
39 5 24 25 31 37 38
40 5 13 17 25 38 46
41 6 13 17 65 66 70 71
42 6 24 38 44 45 46 54
43 4 44 45 124 125
44 10 42 43 45 49 51 53 54 55 57 125
45 6 42 43 44 46 122 127
46 6 13 38 40 42 45 127
47 8 32 53 54 55 56 117 139 167
48 4 50 52 53 57
49 2 44 53
50 5 6 48 52 57 97
51 2 44 53
52 6 48 50 53 56 96 97
53 8 44 47 48 49 51 52 56 57
54 6 24 32 42 44 47 55
55 4 32 44 47 54
56 8 47 52 53 95 96 106 109 117
57 7 1 6 44 48 50 53 125
58 7 59 61 62 147 154 158 163
59 7 58 60 61 64 154 157 158
60 8 33 35 59 61 63 64 159 162
61 5 58 59 60 62 63
62 7 12 20 27 58 61 63 147
63 8 14 27 31 33 36 60 61 62
64 5 59 60 152 157 162
65 6 13 41 66 72 79 127
66 7 19 28 41 65 71 74 79
67 5 12 16 22 70 71
68 5 26 74 76 77 79
69 5 72 78 79 118 123
70 6 17 22 41 67 71 73
71 8 16 18 28 41 66 67 70 73
72 5 65 69 79 118 127
73 2 70 71
74 6 19 26 28 66 68 79
75 1 76
76 4 26 68 75 77
77 5 68 76 78 79 126
78 5 69 77 79 123 126
79 8 65 66 68 69 72 74 77 78
80 3 82 83 85
81 2 82 131
82 5 2 3 80 81 83
83 3 80 82 85
84 2 131 135
85 2 80 83
86 7 87 89 90 98 99 101 103
87 6 86 88 89 90 91 93
88 5 87 89 91 92 93
89 7 86 87 88 92 93 94 98
90 6 86 87 91 103 129 130
91 5 87 88 90 92 129
92 4 88 89 91 93
93 5 87 88 89 92 94
94 4 89 93 95 98
95 6 56 94 96 98 109 116
96 5 52 56 95 97 98
97 8 5 7 50 52 96 98 99 100
98 7 86 89 94 95 96 97 99
99 5 86 97 98 100 101
100 6 5 8 97 99 101 134
101 6 86 99 100 102 103 134
102 4 101 103 130 134
103 5 86 90 101 102 130
104 5 107 108 111 114 115
105 1 111
106 6 56 107 108 109 117 138
107 5 104 106 108 109 115
108 6 104 106 107 111 112 138
109 6 56 95 106 107 115 116
110 3 111 113 114
111 5 104 105 108 110 114
112 4 108 137 138 143
113 1 110
114 5 104 110 111 115 116
115 5 104 107 109 114 116
116 4 95 109 114 115
117 5 47 56 106 138 139
118 7 69 72 121 122 123 124 127
119 6 4 11 120 121 124 128
120 5 1 11 119 124 125
121 5 118 119 123 124 128
122 4 45 118 124 127
123 6 69 78 118 121 126 128
124 7 43 118 119 120 121 122 125
125 6 1 43 44 57 120 124
126 3 77 78 123
127 7 13 45 46 65 72 118 122
128 4 4 119 121 123
129 4 90 91 130 133
130 7 90 102 103 129 133 134 136
131 4 2 81 84 135
132 5 2 10 134 135 136
133 4 129 130 135 136
134 9 5 8 10 100 101 102 130 132 136
135 6 2 84 131 132 133 136
136 5 130 132 133 134 135
137 4 112 140 141 143
138 6 106 108 112 117 139 143
139 7 47 117 138 140 143 144 167
140 5 137 139 141 143 144
141 3 137 140 142
142 1 141
143 5 112 137 138 139 140
144 2 139 140
145 8 35 159 162 165 170 171 173 175
146 5 148 153 155 160 161
147 3 27 58 62
148 6 146 149 151 153 156 161
149 6 148 151 154 156 157 163
150 4 156 163 177 182
151 5 148 149 152 153 157
152 4 64 151 157 162
153 4 146 148 151 160
154 6 58 59 149 157 158 163
155 4 146 160 161 183
156 5 148 149 150 161 163
157 6 59 64 149 151 152 154
158 4 58 59 154 163
159 4 35 60 145 162
160 3 146 153 155
161 4 146 148 155 156
162 5 60 64 145 152 159
163 6 58 149 150 154 156 158
164 3 167 172 176
165 5 145 166 168 170 175
166 3 165 168 170
167 6 24 32 47 139 164 172
168 7 33 35 165 166 174 175 176
169 5 23 33 172 174 176
170 4 145 165 166 173
171 2 145 173
172 6 23 24 164 167 169 176
173 3 145 170 171
174 5 33 168 169 175 176
175 5 35 145 165 168 174
176 5 164 168 169 172 174
177 6 150 178 179 180 181 182
178 5 18 21 177 179 181
179 4 177 178 181 182
180 4 20 29 177 181
181 6 18 29 177 178 179 180
182 3 150 177 179
183 1 155
